1 1 -2.263208e-07 0.8628889 -1.004652 0.0001999598 0.04086776 1 0.0001776786 0.8691286 -1.146603 0.0001498106 0.0002740002 1 0.001439629 0.8877661 -1.134634 0.0005827883 0.0004551014 1 0.003819878 0.9732819 -1.074413 0.009432567 0.005054703 
2 1 0.001172111 0.8446308 -1.412794 0.0001999598 0.0887243 1 0.0001568076 0.8384787 -1.171614 0.0001512464 0.0002723261 1 0.0002812438 0.8193766 -1.183582 0.000636789 0.000460099 1 -3.116891e-05 0.8438669 -1.167182 0.008801778 0.004176673 
3 1 2.614797e-05 0.8338986 -1.041392 0.0001999603 0.04270113 1 0.005135454 0.8387822 -1.162138 0.0001511271 0.0002727306 1 -0.0004311005 0.8538948 -1.152573 0.0006063214 0.0004572187 1 -0.004026278 0.9033198 -1.118606 0.008787261 0.004433961 
4 1 -5.016124e-05 0.8260409 -1.20574 0.0001999612 0.05834655 1 0.002566594 0.8267512 -1.180304 0.000151738 0.0002719975 1 0.0001127773 0.8289843 -1.178903 0.0006271205 0.0004592863 1 9.707281e-06 0.9088579 -1.124304 0.009015344 0.004565586 
5 1 0.0009106316 0.8489201 -1.287282 0.0001999588 0.06990496 1 0.0002672981 0.8469074 -1.156866 0.000150756 0.0002729866 1 -4.70119e-06 0.8407402 -1.160763 0.0006175278 0.0004584255 1 0.0005402399 0.9370911 -1.0942 0.008890029 0.004630511 
6 1 0.0002462457 0.8275833 -0.9543989 0.0001999606 0.03596946 1 0.000167347 0.8349883 -1.161051 0.0001515136 0.0002723533 1 0.0001855369 0.8581389 -1.146432 0.0006062021 0.000456938 1 -0.0006165898 0.878087 -1.132831 0.00895669 0.004384751 
7 1 4.160938e-07 0.8278368 -1.3132 0.0001999606 0.07163806 1 0.0004511094 0.8239839 -1.194418 0.0001520336 0.0002715284 1 8.17161e-05 0.8117623 -1.202033 0.0006446862 0.0004609604 1 0.006881317 0.7849444 -1.219653 0.009310655 0.004139546 
8 1 0.0003494733 0.8469101 -1.728285 0.0001999588 0.1642154 1 0.003979949 0.8342551 -1.181928 0.0001513538 0.0002721093 1 0.0002546585 0.794832 -1.20648 0.000656602 0.0004621142 1 -4.567512e-06 0.8126111 -1.194735 0.009117558 0.004194985 
9 1 0.0003387868 0.844668 -1.548347 0.0001999593 0.1143092 1 0.003411461 0.8321431 -1.168773 0.000151531 0.0002719962 1 0.00108048 0.7929385 -1.193127 0.0006596356 0.0004621091 1 0.001495209 0.6479348 -1.284487 0.00952084 0.003649118 
10 1 6.68262e-07 0.832174 -1.400114 0.0001999587 0.0847207 1 0.000167347 0.8237462 -1.169017 0.000151943 0.0002716497 1 0.0001749084 0.7970703 -1.185562 0.0006558702 0.0004614984 1 9.985051e-05 0.685009 -1.256982 0.009537109 0.003809368 
11 1 0.0009592895 0.8167106 -1.020325 0.0001999605 0.04040368 1 0.0007439667 0.8216807 -1.179109 0.0001521875 0.0002715776 1 -3.733807e-05 0.8375034 -1.169202 0.0006234127 0.0004585977 1 0.001413561 0.8251876 -1.177434 0.008940713 0.004146542 
12 1 -3.869352e-06 0.8607935 -1.116492 0.0001999595 0.05038669 1 0.0001000444 0.8610156 -1.122042 0.0001501005 0.0002737404 1 0.01016269 0.86169 -1.121613 0.0006012531 0.0004563426 1 0.009675534 0.8641871 -1.119909 0.009267122 0.004485898 
13 1 0.0005609309 0.8383809 -1.657528 0.0001999597 0.1428057 1 0.0001401761 0.8259492 -1.154905 0.0001519001 0.0002715959 1 0.004180038 0.7866382 -1.179183 0.000666486 0.0004619041 1 0.002616888 0.7881588 -1.178188 0.008785353 0.003930008 
14 1 -2.955858e-06 0.8426801 -0.8732289 0.00019996 0.03064273 1 0.0008669241 0.8482158 -1.141427 0.0001508289 0.000273025 1 0.007760858 0.8652038 -1.130649 0.0006000442 0.0004561528 1 0.005667971 0.6269851 -1.282736 0.009757344 0.003636872 
15 1 5.252332e-05 0.8278518 -0.8487242 0.0001999609 0.02920566 1 0.001304215 0.8382657 -1.156622 0.0001512717 0.0002727337 1 -0.001593435 0.8706081 -1.13609 0.0005950212 0.0004560854 1 2.192106e-05 0.832766 -1.161707 0.009017972 0.004228594 
16 1 9.046062e-06 0.8462662 -1.450565 0.0001999582 0.09440698 1 7.598808e-05 0.8360014 -1.172953 0.0001512957 0.0002722189 1 0.0001387642 0.804083 -1.192872 0.0006488486 0.0004612136 1 0.001395165 0.6558517 -1.286812 0.009416094 0.003646595 
17 1 3.956302e-05 0.8234488 -1.071179 0.0001999601 0.04474876 1 0.001953595 0.8272153 -1.174896 0.0001518323 0.000272005 1 0.003252353 0.839096 -1.167433 0.0006206537 0.0004586927 1 -0.0002023592 0.8639996 -1.150581 0.009270476 0.004478686 
18 1 0.0003710738 0.8246283 -1.016293 0.0001999604 0.04042955 1 0.000178669 0.8296072 -1.140247 0.0001517032 0.0002722131 1 0.004933564 0.8452483 -1.130424 0.00061541 0.0004572676 1 0.00706802 0.8921793 -1.098391 0.009224113 0.004579576 
19 1 -7.527693e-06 0.8440611 -1.208198 0.0001999597 0.05914779 1 0.008931326 0.84099 -1.145406 0.000151146 0.0002725697 1 -5.638867e-05 0.8314865 -1.151375 0.0006268806 0.0004586961 1 -0.002597517 0.7669401 -1.193843 0.009346478 0.004081982 
20 1 0.0003792593 0.8359773 -1.152487 0.0001999603 0.05284755 1 5.578303e-05 0.8366225 -1.173898 0.0001513913 0.0002723165 1 1.5512e-05 0.8386328 -1.172633 0.0006214174 0.000458745 1 0.003235521 0.8376414 -1.173298 0.009319755 0.004379657 
21 1 -2.728484e-05 0.8236188 -0.9024051 0.0001999609 0.03233069 1 2.812968e-05 0.8326236 -1.16396 0.0001515244 0.000272361 1 -0.0006252915 0.8607822 -1.146156 0.0006023788 0.0004565418 1 -2.84359e-05 0.8530174 -1.151425 0.008836487 0.004230045 
22 2 0.00314094 0.8283067 -1.327548 0.0001999607 0.07459421 1 0.001225999 0.826208 -1.161154 0.0001518329 0.0002719247 1 7.275958e-06 0.8195888 -1.165286 0.000636294 0.0004597358 1 0.0002780182 0.9626327 -1.06646 0.009113397 0.004847595 
23 1 4.115464e-07 0.8441043 -1.03985 0.0001999597 0.04279394 1 0.001597717 0.8472176 -1.152154 0.0001508439 0.0002729 1 0.002628252 0.8567734 -1.146103 0.0006061992 0.0004568502 1 0.001287844 0.8242932 -1.167946 0.009037832 0.004194805 
24 1 3.671971e-05 0.8413172 -1.53086 0.0001999607 0.1110785 1 0.004212779 0.8316452 -1.174884 0.0001515804 0.0002719222 1 5.637922e-05 0.8013326 -1.193748 0.0006525297 0.0004613853 1 0.001577064 0.7792673 -1.208197 0.008989482 0.003985968 
25 1 -1.144533e-05 0.834065 -1.21183 0.0001999595 0.05951107 1 0.0004438334 0.8330093 -1.153374 0.0001515577 0.0002721662 1 -4.183676e-05 0.8297041 -1.155443 0.000628701 0.0004587813 1 0.001477019 0.8688593 -1.128995 0.00907868 0.00440539 
26 1 0.0002426077 0.8377506 -1.14605 0.0001999601 0.0520595 1 0.006037226 0.8354142 -1.175075 0.0001516326 0.0002719773 1 7.275958e-05 0.8280816 -1.179665 0.0006334073 0.0004597092 1 0.002877641 0.6524542 -1.291183 0.009338238 0.003576522 
27 1 0.0007357812 0.8357165 -1.235785 0.0001999604 0.06210906 1 5.590395e-05 0.8329287 -1.171359 0.0001515829 0.0002720811 1 -1.545672e-06 0.8241941 -1.176828 0.0006337497 0.0004597608 1 0.004758476 0.7771464 -1.207793 0.009056112 0.004000738 
28 1 0.0009565611 0.8405012 -1.115582 0.0001999594 0.04938794 1 0.0003657926 0.8425399 -1.16362 0.0001510687 0.0002727122 1 2.364686e-05 0.848838 -1.15964 0.0006125021 0.0004579068 1 -0.0006899776 0.8793086 -1.138882 0.009588982 0.004698376 
29 1 0.0005468337 0.8363779 -1.236517 0.0001999596 0.06234639 1 0.0004079025 0.8340295 -1.1416 0.0001513476 0.0002723498 1 1.091394e-05 0.826719 -1.146177 0.0006284764 0.0004583608 1 0.01047094 0.8553259 -1.126908 0.009069204 0.004353714 
30 1 3.422997e-05 0.8418001 -1.54899 0.0001999602 0.1152638 1 0.0004257602 0.8321781 -1.144985 0.0001513902 0.0002722084 1 0.006981121 0.8021777 -1.163654 0.0006488322 0.0004604018 1 0.01032768 0.8552672 -1.128098 0.0091939 0.004418171 
31 1 0.0005359198 0.8223607 -0.9714189 0.0001999607 0.03710012 1 0.0005729817 0.8305538 -1.156492 0.0001516414 0.0002724091 1 0.00525506 0.8562572 -1.140263 0.000606183 0.000457248 1 0.001235338 0.9646701 -1.064591 0.009279721 0.004946399 
32 1 1.928129e-05 0.8284552 -0.88367 0.0001999605 0.03124174 1 0.007632685 0.8374651 -1.164411 0.0001514204 0.0002724975 1 0.0002823795 0.8655684 -1.146613 0.0006007322 0.0004566773 1 3.637979e-06 0.8154194 -1.180315 0.009239169 0.004240085 
33 1 -3.138729e-06 0.84992 -1.159061 0.0001999593 0.05431341 1 0.004535699 0.8508117 -1.17023 0.0001506731 0.0002731081 1 0.001648531 0.8535364 -1.168501 0.0006088923 0.0004581269 1 -0.000336513 0.8836488 -1.147931 0.009054058 0.004469431 
34 1 -1.347646e-06 0.8346165 -1.181034 0.0001999599 0.05554213 1 0.0004856702 0.8327478 -1.153259 0.0001514307 0.0002722917 1 -2.000888e-05 0.8269171 -1.156913 0.0006286575 0.0004588055 1 -0.002752705 0.7704974 -1.194067 0.009290219 0.004083332 
35 1 -4.615686e-05 0.8307523 -0.8618996 0.0001999603 0.02978778 1 0.0004872976 0.8375793 -1.160904 0.0001514172 0.0002724118 1 -0.0007821654 0.8588665 -1.147455 0.0006061293 0.0004569075 1 0.001688022 0.6432346 -1.28538 0.009412529 0.003574656 
36 1 -2.319842e-05 0.8555399 -1.215356 0.0001999592 0.06030479 1 2.588526e-05 0.8508645 -1.12434 0.0001505098 0.0002731972 1 0.002012704 0.8366379 -1.133307 0.0006200478 0.0004577268 1 0.005990887 0.7324026 -1.201448 0.009370264 0.003955237 
37 1 0.0007989911 0.8282794 -1.055494 0.0001999604 0.04369507 1 0.01077751 0.8309364 -1.14929 0.0001517291 0.0002720144 1 0.003637807 0.8392883 -1.144054 0.0006218727 0.0004577639 1 0.005896083 0.8172503 -1.158756 0.008954786 0.004116252 
38 1 2.101087e-05 0.8388923 -1.179567 0.0001999597 0.05583735 1 0.004083694 0.8382433 -1.151875 0.0001512412 0.0002725148 1 0.01376611 0.8362375 -1.153138 0.0006222165 0.0004583761 1 0.00392356 0.8480136 -1.145205 0.009408998 0.004472866 
39 1 0.0004952199 0.8301553 -1.417704 0.0001999597 0.08826242 1 0.0006657501 0.8227351 -1.174382 0.0001521175 0.0002714519 1 8.261122e-05 0.799135 -1.189008 0.0006562695 0.0004615376 1 3.274181e-05 0.7576774 -1.215946 0.009090959 0.003928343 
40 1 -3.02407e-05 0.8241364 -0.918744 0.0001999608 0.03319128 1 0.00116961 0.8313567 -1.152252 0.0001514489 0.0002723849 1 0.0002473826 0.8538905 -1.138035 0.0006056516 0.0004563292 1 0.0107666 0.8013664 -1.173168 0.008972133 0.004079838 
41 1 0.001042963 0.8329773 -1.022985 0.00019996 0.04135546 1 0.0003244851 0.8385573 -1.132366 0.0001511681 0.0002727963 1 8.185452e-05 0.8558437 -1.121446 0.000605263 0.0004564218 1 0.001541935 0.9617716 -1.047556 0.009142223 0.004863602 
42 1 0.0006155005 0.8323266 -1.014453 0.00019996 0.04016102 1 0.004962604 0.8356119 -1.165595 0.0001514899 0.0002723943 1 0.0002400995 0.8458802 -1.159125 0.0006162379 0.0004584225 1 0.0004729372 0.747127 -1.223983 0.009469352 0.004044456 
43 1 0.000512955 0.8403552 -0.9426196 0.0001999598 0.03530751 1 0.001036501 0.8459771 -1.17054 0.0001510936 0.0002726067 1 0.0001818989 0.8633553 -1.159528 0.0006040101 0.0004569092 1 0.0001928129 0.7443468 -1.237815 0.009053555 0.003845931 
44 1 0.0003526566 0.8338322 -1.399145 0.0001999599 0.08533651 1 0.0009767973 0.8275575 -1.159587 0.0001516218 0.0002720267 1 0.005381585 0.8078693 -1.171855 0.0006439166 0.0004602807 1 0.003330667 0.8289653 -1.157803 0.008899836 0.004170999 
45 1 0.001027274 0.8214854 -1.13804 0.0001999606 0.05053198 1 0.001171429 0.8215568 -1.181339 0.0001521217 0.0002716419 1 0.0007792158 0.8217809 -1.181199 0.0006354638 0.0004601056 1 0.000509317 0.7494054 -1.228463 0.009499567 0.004069245 
46 1 -6.511973e-05 0.8355775 -1.211594 0.00019996 0.05898143 1 0.0005810747 0.8325242 -1.164505 0.0001515719 0.0002720576 1 -3.108094e-06 0.8229611 -1.170486 0.0006342572 0.0004594427 1 0.0009276846 0.7318506 -1.229687 0.009400869 0.003949261 
47 1 -1.591616e-06 0.8162296 -0.9244568 0.0001999607 0.03314437 1 0.001185981 0.8229283 -1.178912 0.0001519344 0.0002719488 1 4.369614e-05 0.8441093 -1.165588 0.0006146953 0.0004580974 1 0.00347427 0.7250652 -1.243382 0.00946929 0.003961025 
48 1 -3.092282e-05 0.8471986 -0.7231679 0.0001999604 0.02337608 1 0.007734343 0.8624368 -1.103746 0.0001498692 0.0002742725 1 0.006593837 0.908055 -1.074363 0.0005637229 0.0004519579 1 0.005204452 0.9229868 -1.063898 0.009025903 0.004642343 
49 1 0.0001552962 0.8462735 -1.199998 0.0001999596 0.05878811 1 0.001068528 0.8466077 -1.162693 0.0001508681 0.0002728263 1 1.095735e-05 0.8476345 -1.162044 0.0006134831 0.0004578934 1 0.0003528839 0.9289561 -1.105967 0.009189301 0.004729873 
50 1 0.0002480647 0.8256326 -0.7871361 0.0001999608 0.02587903 1 0.0002801547 0.8400913 -1.168705 0.000151107 0.0002729756 1 0.00357211 0.8848026 -1.140143 0.000582871 0.0004553199 1 -0.002761226 0.906597 -1.125036 0.009400255 0.004746172 
51 1 -2.614797e-05 0.8179963 -0.8767486 0.0001999607 0.03026298 1 0.002522938 0.8266895 -1.181062 0.0001517157 0.0002721432 1 0.0001578594 0.8540133 -1.163807 0.0006061119 0.0004572195 1 0.009202267 0.736835 -1.240845 0.00940716 0.003988013 
52 1 0.0002794422 0.8128731 -1.471598 0.0001999603 0.09642986 1 0.001735316 0.80466 -1.206145 0.0001531308 0.0002704084 1 0.005478796 0.777786 -1.222637 0.000678243 0.0004639756 1 0.009416908 0.7069358 -1.267698 0.009588782 0.003902301 
53 1 1.932676e-05 0.8213156 -1.032518 0.0001999608 0.04117448 1 0.002433808 0.8237402 -1.163491 0.0001519342 0.0002719083 1 0.01124317 0.831413 -1.158687 0.0006258965 0.0004587876 1 0.0004820322 0.7274411 -1.226403 0.00918762 0.003854161 
54 1 0.001286708 0.8462778 -1.465088 0.0001999583 0.09832556 1 0.0001077022 0.8384401 -1.165346 0.0001512761 0.000272227 1 0.002925932 0.8140812 -1.180568 0.0006418312 0.0004601926 1 9.094947e-06 0.8257848 -1.172785 0.008968984 0.004169417 
55 1 -3.054307e-07 0.8452879 -1.306486 0.0001999595 0.07281513 1 0.0002072458 0.8441347 -1.176113 0.0001510731 0.00027253 1 0.0003619789 0.8405734 -1.178359 0.0006206784 0.0004587177 1 0.001011358 0.9749692 -1.084871 0.008764334 0.004708518 
56 1 0.0004620233 0.8256655 -1.158505 0.0001999599 0.05254395 1 0.001942681 0.8245291 -1.21075 0.0001519908 0.0002716654 1 -7.197952e-05 0.8209269 -1.213005 0.0006364637 0.0004609585 1 0.001699845 0.671084 -1.308722 0.009406727 0.003698516 
57 1 -2.222436e-06 0.8484071 -1.125391 0.0001999592 0.05046597 1 0.001531133 0.8482652 -1.161866 0.0001507295 0.0002729312 1 1.565204e-05 0.8478301 -1.162142 0.000612385 0.0004577204 1 0.002486559 0.7766041 -1.209359 0.009088714 0.00401985 
58 1 0.0002166069 0.8307136 -1.196666 0.0001999594 0.0575283 1 0.00344334 0.8304622 -1.162179 0.000151697 0.0002720373 1 0.0003092282 0.8296734 -1.162673 0.0006289664 0.0004590187 1 0.003439709 0.8746827 -1.132227 0.009367929 0.004566214 
59 1 0.0002237357 0.8445616 -0.9375141 0.0001999601 0.03497635 1 0.002556924 0.8507408 -1.161001 0.0001507281 0.0002731122 1 0.0003356295 0.8696547 -1.148963 0.0005969058 0.0004565071 1 0.0008949428 0.7810859 -1.208039 0.009420981 0.004172626 
60 1 0.0001064083 0.841532 -1.194473 0.0001999594 0.05813552 1 0.002436516 0.8426013 -1.157158 0.0001510082 0.0002727009 1 0.0007165239 0.8458981 -1.155077 0.0006139544 0.0004576249 1 0.002011802 0.9638448 -1.073036 0.008916245 0.004749912 
61 1 3.145487e-05 0.7973063 -0.8639146 0.0001999613 0.02949119 1 -0.005569746 0.8095908 -1.166591 0.000152583 0.0002715271 1 0.0003583409 0.8491261 -1.141788 0.0006104706 0.0004573264 1 0.0009410889 0.9349657 -1.082399 0.009099616 0.00472433 
62 1 0.0007871677 0.8262267 -1.261709 0.0001999599 0.06489101 1 0.0002401066 0.8254488 -1.198124 0.000151826 0.0002718499 1 0.001388887 0.822994 -1.199661 0.0006326114 0.0004602436 1 0.0002637535 0.8815281 -1.159998 0.009122557 0.004496275 
63 1 -1.225101e-06 0.8473546 -1.113575 0.0001999593 0.04910006 1 0.000826118 0.8473307 -1.175789 0.0001508546 0.0002727456 1 0.0005228779 0.8472572 -1.175835 0.0006141588 0.0004581014 1 0.00199725 0.7330779 -1.250548 0.009525705 0.004005147 
64 1 0.0007783001 0.8627727 -1.714764 0.0001999587 0.161436 1 0.006301978 0.8466414 -1.135501 0.0001506823 0.0002727172 1 0.003682427 0.7973101 -1.166251 0.0006532208 0.0004606393 1 0.004715001 0.6991816 -1.22912 0.009081811 0.003701995 
65 1 6.298251e-05 0.8139957 -0.7908795 0.0001999612 0.0259021 1 0.0008913048 0.8289679 -1.192687 0.0001517085 0.0002722961 1 0.0006402843 0.8760163 -1.162771 0.0005904508 0.0004562716 1 -0.0005569875 0.8952037 -1.149549 0.008830696 0.004413221 
66 1 -2.273737e-07 0.809987 -0.9877162 0.0001999609 0.03763275 1 0.0002128218 0.8178693 -1.195205 0.0001522232 0.000271687 1 0.0001200533 0.8429886 -1.179414 0.0006162555 0.0004586855 1 -0.001280565 0.9017088 -1.139208 0.009359623 0.004699845 
67 1 0.0003035439 0.8377803 -1.326053 0.0001999595 0.07419518 1 0.0007257768 0.8339269 -1.196511 0.0001514711 0.0002721 1 0.0005196844 0.8218889 -1.204062 0.0006346435 0.0004604425 1 0.003780703 0.8114604 -1.210991 0.008850291 0.004063554 
68 1 0.0005536549 0.8238637 -1.10178 0.0001999605 0.04750182 1 0.0002055458 0.8274682 -1.199771 0.0001518819 0.0002719311 1 9.094947e-06 0.8388508 -1.19261 0.0006219002 0.0004596006 1 1.818989e-06 0.8698173 -1.171628 0.009282891 0.004509623 
69 1 0.0005209131 0.8415006 -1.335704 0.0001999593 0.07601237 1 8.213267e-05 0.8369949 -1.173789 0.0001513748 0.0002722399 1 0.001202828 0.8229551 -1.182588 0.0006346749 0.000459983 1 0.002026547 0.8277027 -1.179421 0.009015711 0.004200049 
70 1 3.592504e-05 0.8171655 -1.448822 0.0001999601 0.09332691 1 0.001771055 0.8103648 -1.154422 0.0001526075 0.0002710444 1 0.0009313633 0.7884393 -1.167918 0.0006637845 0.0004613967 1 0.004816779 0.8518408 -1.125733 0.008979984 0.004288514 
71 1 0.0001818989 0.8303015 -1.096976 0.0001999599 0.0475363 1 0.0005032858 0.8347978 -1.163781 0.000151325 0.0002725267 1 6.91216e-05 0.848784 -1.15495 0.0006104771 0.0004575598 1 0.004398316 0.9803505 -1.062886 0.009261633 0.00501319 
72 1 -6.201368e-05 0.8308304 -1.206281 0.0001999604 0.05814955 1 0.001489752 0.8283238 -1.188735 0.0001519013 0.0002716869 1 0.002281197 0.8203993 -1.193684 0.0006386107 0.0004603622 1 0.007328708 0.709281 -1.265292 0.009480837 0.00387465 
73 1 -3.12386e-05 0.8488103 -1.215528 0.0001999597 0.06070783 1 0.002132873 0.8484629 -1.151328 0.0001507086 0.0002730088 1 -0.0003346941 0.8473997 -1.152001 0.0006125516 0.0004576067 1 0.0006257324 0.9358724 -1.090843 0.009182025 0.00476389 
74 1 -5.549081e-05 0.8659678 -1.241543 0.0001999591 0.06473461 1 0.0003119734 0.8639899 -1.142796 0.0001499734 0.000273647 1 0.0002255547 0.8580565 -1.146571 0.0006044619 0.0004568139 1 -0.006781604 0.9128386 -1.108838 0.009085786 0.004609671 
75 1 0.0004017693 0.8282005 -1.13186 0.0001999599 0.05071907 1 0.002792149 0.8322464 -1.184953 0.0001514341 0.00027237 1 0.0005007315 0.8448678 -1.176983 0.0006133847 0.0004583409 1 0.001273293 0.9768572 -1.084761 0.009199224 0.004968444 
76 1 0.0009946107 0.8470098 -1.071932 0.0001999579 0.04588675 1 0.001378199 0.8522342 -1.156172 0.0001504753 0.000273349 1 0.0004221899 0.8681137 -1.146051 0.0005952547 0.0004562191 1 0.0001114238 1.012147 -1.043986 0.009625945 0.005354609 
77 1 -4.547474e-06 0.8445971 -0.9683187 0.0001999601 0.03742534 1 0.001048909 0.8508402 -1.156693 0.0001507053 0.0002731101 1 0.0004720141 0.869938 -1.144542 0.0005964051 0.0004562162 1 -0.0001770914 0.8613325 -1.150405 0.008754968 0.004223353 
78 1 -6.228536e-05 0.8507664 -1.27768 0.0001999587 0.06794977 1 0.004007699 0.8457798 -1.141039 0.0001507423 0.0002729847 1 -5.820766e-05 0.8305103 -1.150653 0.0006248657 0.0004586836 1 0.0007219025 0.7796967 -1.184267 0.009237959 0.004109343 
79 1 -2.728484e-06 0.8168351 -0.9397376 0.0001999609 0.03476448 1 0.0006807406 0.8269379 -1.167696 0.0001517381 0.0002721773 1 -0.0007465324 0.8587124 -1.147631 0.0006029518 0.0004565829 1 0.004818503 0.9846028 -1.059294 0.009066042 0.004922964 
80 1 0.0007787548 0.8311357 -1.027005 0.0001999605 0.04159772 1 0.003226887 0.8379435 -1.186539 0.0001512668 0.0002725801 1 0.000345608 0.8590841 -1.17313 0.0006037619 0.0004576177 1 -0.008022763 0.9439849 -1.114144 0.008665596 0.00454169 
81 1 0.0003039986 0.8213569 -1.180796 0.0001999605 0.05560428 1 0.0008094503 0.8222531 -1.178549 0.0001521369 0.0002715722 1 0.0007079517 0.8251012 -1.176771 0.0006334825 0.0004595903 1 -0.0006622673 0.8757055 -1.142589 0.008743681 0.004273939 
82 1 0.000198952 0.8383527 -1.370618 0.0001999605 0.08197493 1 6.197213e-05 0.8358843 -1.174069 0.0001513969 0.0002723325 1 0.0001473381 0.8281895 -1.178901 0.0006296604 0.0004597886 1 0.006484697 0.9866588 -1.068512 0.008951393 0.004871818 
83 1 0.0001524861 0.8449923 -1.130262 0.0001999595 0.05121634 1 0.0002813456 0.8469097 -1.144362 0.000150717 0.0002730695 1 0.0001514965 0.852776 -1.140647 0.0006070831 0.0004568864 1 0.002477464 0.9341298 -1.084322 0.009145483 0.00474348 
84 1 0.0004706635 0.8404496 -1.364384 0.0001999595 0.08007323 1 0.00144064 0.8348618 -1.192177 0.0001515164 0.0002719684 1 0.0002615592 0.8173831 -1.203113 0.000640108 0.0004606163 1 -0.0001447388 0.7739468 -1.231604 0.009054762 0.003982279 
85 1 0.000789214 0.8127221 -1.195289 0.0001999602 0.05664234 1 0.002695742 0.8133833 -1.177349 0.0001524768 0.0002713733 1 0.0053996 0.8154995 -1.17603 0.0006400644 0.0004604334 1 -0.0009173694 0.880362 -1.132197 0.008998809 0.004428692 
86 1 -7.435119e-05 0.8242384 -0.88975 0.0001999607 0.03136828 1 0.0002980219 0.8318423 -1.129155 0.0001514809 0.000272663 1 0.0003747118 0.8555938 -1.114169 0.0006051424 0.0004565957 1 0.0009027165 0.7981794 -1.15259 0.0095368 0.004317529 
87 1 1.224066e-05 0.8465284 -1.427566 0.0001999607 0.09228734 1 0.0004960369 0.8429085 -1.169787 0.000151025 0.0002726688 1 0.001487933 0.8317399 -1.176821 0.0006262362 0.0004594883 1 0.001941432 1.011886 -1.050396 0.009073552 0.005051556 
88 1 0.00107616 0.8293127 -1.645111 0.0001999594 0.137638 1 0.0004420144 0.8187219 -1.192133 0.000152226 0.0002712892 1 0.0007122863 0.7849257 -1.213023 0.0006675922 0.0004630232 1 -1.216945e-05 0.8111535 -1.195774 0.009285907 0.004252256 
89 1 0.001100489 0.8247242 -1.103397 0.0001999601 0.04790793 1 0.00068394 0.8277602 -1.160665 0.0001517447 0.0002720232 1 0.0003929017 0.8373127 -1.154673 0.000621125 0.000458045 1 0.0001418812 0.9022996 -1.110281 0.008856028 0.004449545 
90 1 0.0001771241 0.8220958 -1.107374 0.0001999604 0.04769455 1 0.001527951 0.8230362 -1.184589 0.000152135 0.0002716167 1 0.00109867 0.8260265 -1.182721 0.0006333254 0.0004599702 1 0.004454705 0.7418344 -1.237595 0.009477636 0.004019137 
91 1 0.0002094112 0.827385 -1.167814 0.0001999598 0.05380036 1 0.00129095 0.8251631 -1.146951 0.0001518533 0.0002719234 1 5.09317e-05 0.8181544 -1.15132 0.0006369807 0.0004593463 1 0.004582393 0.7303782 -1.208321 0.009401783 0.003951617 
92 1 -9.740345e-07 0.8304037 -1.21853 0.0001999601 0.06049764 1 0.004081383 0.8325117 -1.168572 0.0001515249 0.0002723724 1 4.061569e-05 0.8391089 -1.16442 0.0006198497 0.0004588915 1 0.0004784819 1.041634 -1.020926 0.009660655 0.005514119 
93 1 0.0004952199 0.8460588 -1.518765 0.0001999588 0.1084389 1 0.00315745 0.8351615 -1.165439 0.0001514579 0.0002720371 1 0.000288189 0.8011249 -1.186617 0.0006536168 0.0004613238 1 0.005940819 0.7125041 -1.243547 0.009436994 0.003880735 
94 1 -2.546585e-05 0.8242855 -0.9228513 0.0001999605 0.03362761 1 0.002502929 0.8323372 -1.186153 0.0001516767 0.0002720895 1 0.0005638867 0.8576197 -1.170183 0.0006071576 0.000457403 1 0.0007368461 0.8060143 -1.204684 0.008793996 0.004001397 
95 1 5.547918e-05 0.825989 -1.108766 0.0001999603 0.04818255 1 0.002784873 0.8292201 -1.182853 0.0001516844 0.0002721688 1 0.0003927218 0.839368 -1.176465 0.000619589 0.0004590146 1 0.0001182343 0.8912213 -1.141089 0.009432731 0.004687109 
96 1 0.001116859 0.8235633 -1.050261 0.0001999602 0.0429335 1 0.0005820766 0.8276702 -1.161287 0.0001517056 0.0002721923 1 0.0003201421 0.8405776 -1.153173 0.0006176745 0.0004581436 1 -0.004200914 0.8675314 -1.134889 0.009237158 0.0044886 
97 1 4.979483e-05 0.8439231 -1.067778 0.0001999592 0.04475702 1 4.729372e-05 0.843422 -1.13248 0.0001509679 0.0002727605 1 0.002965707 0.8418743 -1.133454 0.0006172535 0.0004572881 1 -0.0006129741 0.6901131 -1.231505 0.009643692 0.003869317 
98 1 -2.028901e-07 0.8402206 -1.299982 0.000199961 0.07103667 1 0.0002490249 0.8361546 -1.139494 0.0001512663 0.0002724363 1 3.274181e-05 0.8235259 -1.147399 0.0006315811 0.0004587815 1 0.01097798 0.8574291 -1.124567 0.00867571 0.004181608 
99 1 2.082515e-05 0.8488091 -1.434673 0.0001999598 0.09241806 1 0.0002713656 0.8405304 -1.166339 0.0001511627 0.000272413 1 0.001836846 0.8148822 -1.182393 0.0006409795 0.0004605226 1 0.01160515 0.7631717 -1.216238 0.009141379 0.00398281 
100 1 1.949923e-07 0.8432226 -1.166065 0.0001999599 0.05462874 1 0.0004560605 0.8428242 -1.164637 0.0001510213 0.0002727811 1 0.0003121621 0.8415944 -1.165413 0.0006178849 0.0004587094 1 -0.001170246 0.82251 -1.178208 0.008898443 0.004136914 
101 1 2.0475e-06 0.8341616 -1.313778 0.0001999603 0.07233628 1 0.0002219167 0.8289192 -1.161798 0.0001518882 0.0002717868 1 0.007003703 0.8123495 -1.172108 0.0006459107 0.0004606331 1 0.001552449 0.7645466 -1.203326 0.009287845 0.004034652 
102 1 -3.183231e-06 0.8345935 -0.9650396 0.0001999603 0.03671378 1 0.006891815 0.8406531 -1.14706 0.0001510757 0.0002728418 1 0.003092282 0.8593807 -1.135202 0.0006026136 0.0004565428 1 0.002500827 0.8494362 -1.141948 0.009163389 0.004372494 
103 1 -5.221224e-06 0.8590441 -1.132247 0.0001999599 0.05217259 1 0.001632218 0.8602133 -1.152319 0.0001503056 0.0002733072 1 0.000306837 0.8637506 -1.15007 0.0006022868 0.000456556 1 -0.002201572 0.8926541 -1.130273 0.008839759 0.00438669 
104 1 0.0004667982 0.8094884 -0.8437228 0.0001999612 0.02870826 1 0.001347871 0.8232374 -1.16562 0.0001520128 0.0002721111 1 0.000345608 0.8667967 -1.138084 0.0005979885 0.000456435 1 0.009580617 0.9972391 -1.046094 0.009652607 0.005289847 
105 1 0.0002655725 0.8261982 -1.28002 0.0001999599 0.06741264 1 0.001284207 0.8248983 -1.188201 0.0001518846 0.0002716932 1 0.00298183 0.8207896 -1.190768 0.0006350367 0.000459778 1 -0.0006621121 0.8943833 -1.140822 0.009090624 0.004527013 
106 1 -2.728484e-05 0.832274 -0.9172197 0.0001999607 0.03359173 1 0.008321908 0.8414837 -1.160214 0.000151135 0.0002728848 1 0.0002468643 0.8699878 -1.142099 0.0005958078 0.0004565137 1 -0.006724036 0.9129856 -1.11238 0.009076322 0.0046092 
107 1 0.0002248726 0.8309741 -1.098058 0.0001999601 0.04796557 1 6.193905e-05 0.8363877 -1.174696 0.0001514769 0.0002722738 1 0.0002156489 0.8532961 -1.164024 0.0006106336 0.0004575873 1 2.317455e-05 1.020381 -1.046155 0.009394684 0.005241214 
108 1 0.0006662049 0.8273617 -1.350518 0.0001999598 0.07714538 1 0.001395165 0.8229015 -1.185822 0.0001521201 0.0002715289 1 0.01005719 0.8087232 -1.194643 0.000647951 0.0004613052 1 0.0001437839 0.8169696 -1.18918 0.009569517 0.004394593 
109 1 -5.456968e-06 0.8434678 -0.9893607 0.00019996 0.03855432 1 0.0004489975 0.8466479 -1.15865 0.0001509279 0.0002727683 1 0.0007530616 0.8564347 -1.152456 0.000607383 0.0004569907 1 0.005271431 0.7142401 -1.245193 0.009335968 0.003843701 
110 1 -7.076776e-07 0.8567048 -1.285182 0.0001999592 0.06991661 1 0.0001091394 0.8526196 -1.141108 0.0001506026 0.0002730388 1 0.0002037268 0.8401566 -1.14897 0.0006201427 0.0004580911 1 0.009549694 0.8493465 -1.142778 0.008956142 0.004264715 
111 1 0.0005234142 0.8389381 -1.235543 0.0001999592 0.06254609 1 0.0001085587 0.8381967 -1.172907 0.0001513467 0.0002723805 1 2.013598e-05 0.8358887 -1.174359 0.0006242633 0.0004591971 1 0.0009767973 0.8985503 -1.131631 0.009323477 0.004655416 
112 1 3.952437e-05 0.8349728 -1.506918 0.0001999586 0.1064982 1 0.00280852 0.8292636 -1.174088 0.0001515361 0.0002719943 1 0.001232362 0.8113957 -1.185243 0.000640791 0.0004600602 1 0.002277375 0.9643567 -1.079658 0.008596681 0.004596407 
113 1 8.987374e-05 0.8399844 -1.163765 0.0001999601 0.05439666 1 8.668044e-05 0.8403906 -1.17516 0.0001512408 0.0002725056 1 0.0004677715 0.8416505 -1.174366 0.0006195058 0.0004588878 1 0.005113807 0.8445784 -1.172393 0.008875899 0.004209627 
114 1 0.0004913545 0.8513929 -1.691926 0.0001999599 0.1555577 1 0.003499699 0.8413192 -1.159056 0.0001511028 0.0002723354 1 0.003148655 0.8101609 -1.178515 0.0006446624 0.0004602253 1 0.001597073 0.9593476 -1.075874 0.008836212 0.004683042 
115 1 1.910848e-05 0.8444747 -1.666939 0.0001999597 0.1459246 1 0.003892519 0.8340966 -1.163587 0.0001512775 0.0002723312 1 0.0005071067 0.8018471 -1.183708 0.0006488506 0.0004612009 1 -0.006355049 0.9110773 -1.109418 0.009165944 0.00466156 
116 3 1.031605e-06 0.8391394 -1.648649 0.0001999609 0.1392888 1 0.002424713 0.8266618 -1.178212 0.0001518537 0.0002716362 1 0.0007876224 0.7872516 -1.202614 0.0006657797 0.0004626538 1 0.001185981 0.7384347 -1.234094 0.009380555 0.003973162 
117 1 -0.0002142612 0.824308 -1.463393 0.0001999609 0.09656947 1 0.001415174 0.8195477 -1.171274 0.000152054 0.0002717176 1 0.001568371 0.8044356 -1.180672 0.0006476247 0.0004611454 1 0.004143658 0.9759555 -1.06204 0.009605069 0.005178704 
118 1 8.560619e-06 0.8287699 -0.9394737 0.00019996 0.03459671 1 0.00177561 0.8346501 -1.157607 0.0001513913 0.0002725089 1 -0.0006384653 0.8529751 -1.146035 0.0006080617 0.000457198 1 -0.0002679781 0.7588656 -1.208233 0.009314556 0.004041087 
119 1 0.0003410605 0.8386988 -1.315963 0.0001999595 0.07313888 1 0.0001818989 0.8352696 -1.143725 0.0001513426 0.0002723421 1 2.546585e-05 0.8245953 -1.150406 0.0006312349 0.0004587589 1 0.002637535 0.912932 -1.090069 0.00938422 0.004756847 
120 1 0.0005607035 0.8264155 -1.430822 0.0001999598 0.0907558 1 0.0001670733 0.8197887 -1.154061 0.0001521593 0.0002715104 1 0.003866703 0.7986886 -1.167122 0.0006547946 0.0004609337 1 0.00972478 0.8493792 -1.133317 0.008915046 0.00424996 
121 1 0.0004677077 0.8469775 -1.355394 0.0001999596 0.0784838 1 0.0003934822 0.8400105 -1.192682 0.000151323 0.0002722151 1 0.000108572 0.8183326 -1.20627 0.0006403658 0.0004611126 1 0.0003269296 0.6772512 -1.296378 0.009903315 0.003902313 
122 1 -6.015491e-07 0.8302642 -1.275683 0.0001999599 0.06742551 1 0.002950401 0.8306343 -1.183239 0.0001516664 0.000272064 1 0.0002000888 0.831797 -1.182509 0.0006267971 0.0004594867 1 0.003478185 1.004627 -1.061519 0.009650109 0.005319456 
123 1 0.0007789822 0.8192532 -1.369395 0.0001999594 0.07954288 1 0.001219462 0.8139238 -1.170931 0.0001523528 0.0002712681 1 0.0004495573 0.7968703 -1.181484 0.0006547015 0.0004610554 1 0.006093615 0.8093799 -1.173229 0.009008189 0.004127175 
124 1 0.0005952643 0.8344937 -1.006512 0.0001999599 0.0399275 1 0.0001317938 0.8394271 -1.173152 0.0001513821 0.0002723665 1 0.000162599 0.8547964 -1.163444 0.0006103183 0.0004576261 1 0.001505097 0.8235878 -1.184382 0.008920075 0.00412687 
125 1 -5.002221e-06 0.8131123 -0.9502701 0.0001999614 0.03531289 1 7.275958e-06 0.822906 -1.157552 0.0001518583 0.0002722315 1 0.0002528395 0.8538075 -1.138065 0.0006055346 0.0004570019 1 9.935578e-05 1.006931 -1.029973 0.00947145 0.005256477 
126 1 0.0001530225 0.8352174 -1.126783 0.0001999593 0.05004187 1 0.001662556 0.8357009 -1.191445 0.0001514546 0.0002722375 1 1.455192e-05 0.8372094 -1.190495 0.0006229039 0.0004594056 1 0.005118636 0.7531229 -1.245684 0.009177885 0.00395186 
127 1 -9.325892e-05 0.8411096 -1.201979 0.0001999606 0.05890587 1 0.0004631743 0.8428125 -1.170313 0.0001510897 0.0002727168 1 0.0002727739 0.8480755 -1.166985 0.0006136862 0.0004583738 1 0.002842222 1.001533 -1.059181 0.009727992 0.005348071 
128 1 0.0003421974 0.8299387 -1.117041 0.00019996 0.04882836 1 0.006669821 0.8288485 -1.163421 0.0001518227 0.0002718731 1 -5.456968e-06 0.8254146 -1.165568 0.0006333826 0.0004593362 1 0.0006643216 0.6830844 -1.256795 0.009454645 0.003757019 
129 1 5.752554e-05 0.8388672 -1.109687 0.0001999601 0.04885564 1 0.0001499762 0.839812 -1.164338 0.0001513633 0.0002723737 1 0.0001001434 0.8427535 -1.162486 0.0006201747 0.0004584985 1 0.01163244 0.7994001 -1.191302 0.009153059 0.004126996 
130 1 0.0002896741 0.8155963 -0.9355278 0.0001999611 0.0343348 1 0.001426088 0.8254649 -1.187577 0.0001518951 0.0002720019 1 0.01121711 0.856637 -1.167891 0.0006059492 0.0004574726 1 -0.00470195 0.9287803 -1.118021 0.009026907 0.004651128 
131 1 -1.136868e-06 0.8167567 -0.994301 0.0001999611 0.03870157 1 0.007674316 0.8254668 -1.158812 0.0001517731 0.0002721655 1 0.008069037 0.8528902 -1.14153 0.0006069885 0.0004567917 1 7.949435e-05 1.02969 -1.016218 0.009310521 0.005262421 
132 1 0.0002599404 0.8369248 -1.185238 0.0001999595 0.05716522 1 0.0002293564 0.8398825 -1.157903 0.0001512177 0.0002725949 1 0.0007562581 0.8490533 -1.152115 0.0006126288 0.0004576961 1 0.0006101096 1.061384 -1.000793 0.009665267 0.005596704 
133 1 -6.909762e-07 0.8499446 -1.342571 0.0001999587 0.07690085 1 0.0003180491 0.8426437 -1.172438 0.0001512014 0.0002722852 1 0.0005929905 0.8200048 -1.186615 0.0006390154 0.0004602156 1 0.001520675 0.6788849 -1.276764 0.009714784 0.003832846 
134 1 -3.183231e-06 0.8099446 -0.8636296 0.0001999613 0.02971371 1 0.0001547137 0.8207105 -1.175713 0.0001522315 0.000271687 1 0.0002346496 0.8550255 -1.15413 0.0006089821 0.0004572639 1 -0.005940819 0.8406785 -1.163808 0.008951286 0.004218945 
135 1 -7.490384e-06 0.8345882 -1.669548 0.0001999612 0.1460648 1 0.0009440555 0.8240324 -1.172855 0.0001519958 0.0002714995 1 0.000170985 0.7905645 -1.193562 0.0006629448 0.0004620299 1 -0.0004472708 0.8725245 -1.138722 0.008981288 0.004375653 
136 1 0.0004488356 0.8442473 -1.041968 0.0001999594 0.04254182 1 0.0002243112 0.844333 -1.159619 0.0001511862 0.0002725712 1 1.098185e-05 0.8445977 -1.159452 0.0006194128 0.0004585444 1 0.00766704 0.6208566 -1.300999 0.01009621 0.003718507 
137 1 0.000285354 0.8069595 -1.186956 0.0001999608 0.05521307 1 5.249147e-05 0.8058289 -1.178204 0.0001529232 0.0002708015 1 0.001231177 0.8021523 -1.180474 0.0006531494 0.0004610804 1 0.0001998175 0.7556047 -1.210733 0.009084853 0.003918387 
138 1 0.001083663 0.8274093 -1.200451 0.0001999605 0.05754589 1 0.00181717 0.826049 -1.176408 0.0001519529 0.0002718123 1 1.851236e-05 0.8217442 -1.179097 0.000636406 0.0004602613 1 0.003296009 0.7860267 -1.202649 0.009364552 0.004170431 
139 1 0.0002739853 0.8382369 -0.9972995 0.00019996 0.03886263 1 0.0002897706 0.8403627 -1.167586 0.0001512402 0.0002724387 1 4.065041e-05 0.8469597 -1.163426 0.0006151122 0.0004578464 1 0.002035449 0.648237 -1.290332 0.009440002 0.003607801 
140 1 7.361551e-05 0.8512573 -1.182959 0.0001999595 0.05712885 1 0.001635292 0.8511843 -1.14459 0.0001505936 0.0002731333 1 0.003212335 0.8509643 -1.14473 0.0006099724 0.0004572352 1 0.0002728484 0.9110861 -1.103404 0.00892733 0.004526239 
141 2 0.003110017 0.8373548 -1.280072 0.0001999592 0.06739857 1 0.0004001777 0.8320238 -1.155556 0.0001514668 0.0002722384 1 1.091394e-05 0.8153735 -1.165959 0.0006385376 0.0004599458 1 -0.000858563 0.7244587 -1.22491 0.009290244 0.003888573 
142 1 0.0001186891 0.8131683 -1.048721 0.0001999606 0.0425593 1 0.01001172 0.818401 -1.169776 0.0001522076 0.0002716929 1 0.0003637979 0.8350705 -1.159338 0.0006230303 0.000458612 1 -0.005125985 0.9092561 -1.108572 0.009417154 0.004757604 
143 1 -8.299079e-05 0.8652452 -1.917822 0.0001999563 0.2445888 1 0.0002327725 0.8500518 -1.14091 0.0001506837 0.0002728087 1 0.00460525 0.8035825 -1.169936 0.0006507461 0.0004610074 1 0.000640449 0.9201224 -1.090628 0.009292088 0.004744531 
144 1 6.593837e-05 0.8181648 -1.095756 0.0001999606 0.04657948 1 0.001364515 0.8198153 -1.158435 0.0001520086 0.0002718527 1 1.818989e-06 0.8250511 -1.155164 0.0006292227 0.000458911 1 0.01246008 0.8058366 -1.167944 0.008946508 0.004094116 
145 1 4.683898e-07 0.8481496 -1.341746 0.0001999586 0.0767426 1 0.006625578 0.8411925 -1.160208 0.0001511254 0.0002724186 1 -3.637979e-06 0.8196687 -1.17369 0.0006367458 0.0004597399 1 0.003423338 0.7212215 -1.237433 0.009435169 0.003919626 
146 1 -6.91216e-05 0.8256626 -0.9026113 0.0001999605 0.03203607 1 0.004289177 0.8319033 -1.174171 0.0001515212 0.0002722356 1 0.0001064599 0.8514157 -1.161858 0.0006092523 0.0004572463 1 0.0004165486 0.6746882 -1.275865 0.009124247 0.003609619 
147 1 0.0002319211 0.8550297 -1.569728 0.0001999587 0.1216964 1 0.001159417 0.8459213 -1.16568 0.0001507728 0.0002727435 1 0.000164494 0.8180011 -1.183215 0.0006361194 0.000460062 1 -0.001549079 0.8849735 -1.137838 0.008869594 0.004393546 
148 1 9.913492e-05 0.8337267 -1.066094 0.00019996 0.04432028 1 0.0005533728 0.8352274 -1.160345 0.0001513216 0.0002724159 1 0.001393346 0.8398954 -1.157407 0.0006180473 0.0004579611 1 0.003768946 0.7517724 -1.215332 0.009320223 0.004013311 
149 1 0.0005313072 0.8501673 -1.015529 0.0001999591 0.04102456 1 7.946511e-05 0.8534733 -1.144521 0.0001505178 0.0002731838 1 0.0002796891 0.8635327 -1.138132 0.0006005316 0.0004560711 1 0.002554167 0.8084615 -1.175073 0.008872962 0.004054205 
150 1 3.865352e-05 0.816289 -1.703147 0.0001999598 0.1529108 1 0.0003335811 0.8052676 -1.188736 0.0001528404 0.0002707315 1 0.01328772 0.7694977 -1.210678 0.000681076 0.0004639151 1 -9.360924e-06 0.8373368 -1.165904 0.009313436 0.004384876 
151 1 0.0008374172 0.8198457 -1.112348 0.0001999604 0.04786203 1 0.0009313226 0.8194402 -1.172391 0.0001521415 0.0002716478 1 -1.818989e-06 0.8181502 -1.173195 0.0006371083 0.0004600023 1 9.640644e-05 0.6898762 -1.255579 0.009442273 0.00379676 
152 1 0.0009454197 0.8447541 -1.071814 0.0001999606 0.04535946 1 4.454132e-05 0.8468443 -1.184309 0.0001509745 0.0002727411 1 0.0001291482 0.8532859 -1.180227 0.0006108317 0.000458344 1 -0.0002308887 0.7676273 -1.236879 0.009366245 0.004087078 
153 1 8.913048e-05 0.8387416 -1.09044 0.0001999596 0.04659518 1 0 0.838703 -1.181762 0.0001514352 0.0002721938 1 8.003553e-05 0.8385822 -1.181838 0.0006239369 0.0004590762 1 0.0005966285 0.6682994 -1.290824 0.009792274 0.003813762 
154 1 0.00011255 0.8194979 -1.723442 0.0001999617 0.1605777 1 0.0006714756 0.8083313 -1.164846 0.0001526377 0.0002709113 1 0.001040462 0.772285 -1.186953 0.0006773998 0.0004627667 1 0.002414935 0.8857973 -1.111007 0.008845685 0.004378856 
155 1 1.929482e-07 0.8491656 -1.178418 0.0001999597 0.05563343 1 6.149421e-05 0.8465527 -1.183194 0.0001508656 0.0002727616 1 2.546585e-05 0.8385237 -1.188267 0.0006209048 0.0004592368 1 0.000338332 0.6828134 -1.288598 0.009537454 0.003800171 
156 1 0.0005102265 0.8402626 -1.354283 0.0001999596 0.07961398 1 0.01055014 0.8383887 -1.155605 0.0001512135 0.0002724976 1 0.0003165042 0.8325695 -1.159262 0.000624943 0.0004586823 1 -1.610345e-05 1.034719 -1.016608 0.009251295 0.005248135 
157 1 -2.273737e-06 0.8163226 -0.8755684 0.0001999607 0.0302307 1 0.0001546141 0.8245629 -1.168078 0.0001519783 0.0002719406 1 0.0006144024 0.8506481 -1.151667 0.0006114421 0.0004575019 1 0.001757144 0.7261655 -1.233057 0.009680235 0.00403738 
158 1 -4.433288e-06 0.8443483 -1.128332 0.0001999595 0.05071706 1 0.002444366 0.8448141 -1.15493 0.0001508929 0.0002728582 1 -0.004594767 0.8462413 -1.15403 0.0006135687 0.0004577772 1 7.275958e-05 0.8253615 -1.168051 0.009165752 0.004265669 
159 1 2.319211e-05 0.8323305 -1.046439 0.0001999604 0.04301611 1 0.0003037712 0.8358983 -1.149793 0.0001515334 0.0002723487 1 0.000336513 0.8470592 -1.142772 0.0006162467 0.0004578637 1 0.002942771 0.8578309 -1.135489 0.009662705 0.00461897 
160 1 2.801244e-06 0.8368171 -1.35691 0.0001999603 0.0792816 1 0.0001382432 0.8320204 -1.158372 0.0001517212 0.000271919 1 1.273293e-05 0.8169347 -1.167776 0.0006416391 0.0004600583 1 -0.0002589155 0.8611344 -1.138118 0.009181972 0.004409172 
161 1 0.0004688445 0.8280185 -1.151165 0.0001999603 0.05278265 1 0.0008470842 0.8289394 -1.138097 0.0001517954 0.0002720746 1 0.002205941 0.8318456 -1.13628 0.0006275375 0.0004584257 1 0.00610089 0.9064543 -1.085367 0.009309787 0.004681179 
162 1 0.0002698926 0.8104293 -1.177838 0.0001999608 0.05398824 1 0.001509761 0.8085976 -1.173833 0.0001527008 0.000271172 1 0.001926354 0.8026775 -1.177499 0.0006511267 0.0004614313 1 0.002910383 0.7051504 -1.240148 0.009674277 0.003953385 
163 1 0.000283955 0.8319145 -1.196303 0.0001999598 0.05775876 1 0.002696413 0.8327739 -1.167726 0.0001515908 0.0002722054 1 3.119958e-06 0.8354671 -1.166035 0.0006242243 0.0004589987 1 0.0003856258 0.9315863 -1.099922 0.009288941 0.004790607 
164 1 -2.761074e-05 0.8521993 -2.396377 0.0001999594 0.6268747 1 0.001118678 0.8342578 -1.16122 0.0001513144 0.0002721558 1 0.001373337 0.7784081 -1.195821 0.0006709076 0.000463054 1 3.867704e-05 1.010911 -1.034665 0.009139818 0.005094506 
165 1 -6.936873e-05 0.8645208 -1.881431 0.000199958 0.2256804 1 0.002230023 0.8488608 -1.172135 0.0001507411 0.0002725992 1 0.0002728484 0.8008911 -1.20212 0.000653086 0.0004616732 1 -5.021047e-05 0.8109143 -1.195501 0.0092218 0.004222091 
166 1 3.576206e-05 0.8451829 -1.055421 0.0001999601 0.0444459 1 0.002270717 0.8504139 -1.160741 0.0001507104 0.0002731125 1 0.0003762676 0.8664171 -1.150563 0.0005989071 0.0004566815 1 0.003441528 0.9687244 -1.078968 0.009340142 0.004987317 
167 1 0.0003217338 0.8231027 -1.188222 0.0001999603 0.05735039 1 0.0001437002 0.8300523 -1.202332 0.0001516898 0.0002721427 1 2.364686e-05 0.8518815 -1.188533 0.0006100995 0.0004584705 1 0.0005567631 1.202285 -0.9302846 0.009907171 0.006423644 
168 1 0.0007305516 0.8235817 -1.208139 0.0001999598 0.05856997 1 0.004287975 0.8229983 -1.171236 0.0001520239 0.0002716887 1 -3.637979e-06 0.8211519 -1.172389 0.0006355278 0.0004596493 1 -3.310966e-05 0.8490125 -1.153705 0.008787448 0.00418847 
169 1 2.000888e-05 0.8297498 -1.06037 0.00019996 0.0436193 1 0.0001073204 0.8305562 -1.152205 0.0001514646 0.0002723334 1 -9.094947e-05 0.8330739 -1.150624 0.0006222327 0.0004581917 1 0.001515476 0.7123216 -1.229083 0.009181353 0.003798506 
170 1 -1.768975e-06 0.8266864 -1.47043 0.000199959 0.0974144 1 0.004785485 0.8181258 -1.177187 0.000152259 0.0002712941 1 0.0128548 0.7907997 -1.194082 0.0006622466 0.0004620309 1 0.0001418812 0.7514507 -1.219568 0.009078711 0.003904258 
171 1 0.0004670255 0.8414403 -1.590691 0.0001999591 0.124191 1 0.001545777 0.8282494 -1.169687 0.0001518643 0.0002716253 1 0.0003128662 0.7865741 -1.195459 0.0006680152 0.0004626491 1 0.001469743 0.6486313 -1.282066 0.009663582 0.003690301 
172 1 -6.579706e-07 0.8562581 -1.036704 0.0001999597 0.04310419 1 0.001848935 0.8589529 -1.153018 0.0001504117 0.0002732728 1 0.0005182101 0.8671312 -1.147815 0.0006003156 0.0004565062 1 0.006519258 0.8064858 -1.188457 0.008744651 0.003978982 
173 1 0.0002721663 0.8324787 -1.097926 0.0001999597 0.04755397 1 0.005456968 0.8342759 -1.175021 0.0001515856 0.0002721072 1 1.707995e-05 0.8399035 -1.171484 0.0006216969 0.0004586118 1 4.569417e-05 0.8057072 -1.194237 0.008809418 0.004006961 
174 1 1.432454e-05 0.8025938 -0.8939468 0.0001999614 0.03109754 1 -5.456968e-05 0.8122289 -1.177179 0.0001523837 0.0002716261 1 0.0005372949 0.8430654 -1.157827 0.0006142648 0.0004579496 1 4.984144e-05 0.8281494 -1.167857 0.009130213 0.004273403 
175 1 0.0007157723 0.8399613 -1.222719 0.0001999599 0.06078484 1 0.0001325037 0.8378632 -1.166866 0.0001513466 0.0002723067 1 0.001503697 0.8313288 -1.170968 0.00062781 0.000459124 1 0 0.8078852 -1.186554 0.009223221 0.0042029 
176 1 0.0005377387 0.8157423 -0.9184425 0.0001999604 0.03273181 1 9.094947e-05 0.8212093 -1.172758 0.0001521579 0.0002716723 1 0.00145599 0.8386 -1.161863 0.0006215965 0.0004583947 1 0.001615263 0.6471333 -1.283863 0.009698261 0.0036998 
177 2 0.002699835 0.8557356 -1.568403 0.0001999584 0.1229235 1 0.002172448 0.8509636 -1.181429 0.0001506527 0.0002729139 1 1.818989e-05 0.8363856 -1.190645 0.0006227643 0.0004594129 1 0.0006111804 1.11377 -0.9910318 0.009865752 0.005969505 
178 1 8.571988e-05 0.8230938 -1.017637 0.0001999606 0.04033295 1 0.006206806 0.8282261 -1.209181 0.0001519898 0.0002717417 1 0 0.8444758 -1.198955 0.0006196946 0.0004593434 1 0.002863089 0.7874211 -1.236755 0.008937041 0.003980976 
179 1 0.0001750777 0.8131757 -1.323728 0.0001999609 0.07199611 1 7.094059e-05 0.8083659 -1.182186 0.000152676 0.0002710167 1 0.001378794 0.7928312 -1.191783 0.0006592819 0.0004619446 1 9.094947e-05 0.7486492 -1.220425 0.009550696 0.004093823 
180 1 0.0001211902 0.8163247 -1.751678 0.0001999609 0.1683992 1 0.001789045 0.8034881 -1.165182 0.0001528443 0.0002707471 1 0.006537448 0.7618024 -1.190659 0.0006867746 0.0004637122 1 0.005038847 0.8170356 -1.154456 0.009037503 0.004177649 
181 1 0.0001439275 0.8294916 -1.016562 0.0001999606 0.04076968 1 3.868734e-05 0.8370109 -1.175442 0.0001514893 0.000272368 1 0.003763108 0.8605012 -1.160581 0.0006055269 0.0004573977 1 0.0005511538 0.996944 -1.0647 0.009807456 0.005351555 
182 1 -4.547474e-07 0.834808 -0.9698049 0.0001999604 0.03722638 1 0.002907124 0.8416819 -1.155044 0.0001510538 0.0002728604 1 0.0002182787 0.8629117 -1.141578 0.0006002728 0.0004565568 1 -0.002033053 0.8940783 -1.120175 0.008865785 0.004426159 
183 1 0.0002914931 0.8434647 -1.486657 0.0001999586 0.1022747 1 0.00144064 0.8350581 -1.192315 0.0001516416 0.000271827 1 5.567862e-05 0.8086688 -1.208769 0.000650137 0.0004616612 1 -3.819878e-05 0.7710643 -1.233327 0.009093472 0.003976587 
184 1 0.0008026291 0.854628 -1.655893 0.0001999578 0.1438371 1 8.364578e-05 0.8424182 -1.152556 0.0001510785 0.0002724303 1 0.002754546 0.8046723 -1.176099 0.0006500669 0.0004609407 1 0.002810184 0.8212475 -1.165113 0.009260633 0.004282795 
185 1 0.000200771 0.8277441 -0.9610924 0.0001999602 0.03619929 1 0.0007804404 0.8336911 -1.165361 0.0001515049 0.0002724003 1 -0.000338332 0.852279 -1.153627 0.0006097073 0.0004576179 1 0.005082256 0.7970756 -1.190464 0.009058534 0.004092708 
186 1 0.001278977 0.8318014 -1.222119 0.0001999596 0.06023766 1 0.0002171159 0.8288133 -1.139403 0.0001515645 0.0002721591 1 7.639755e-05 0.8194565 -1.145244 0.0006339615 0.0004587623 1 0.0009713403 0.7947958 -1.161564 0.00894062 0.004040679 
187 2 0.003042032 0.8179659 -1.40242 0.00019996 0.08531041 1 0.0009868242 0.8148196 -1.168637 0.0001521426 0.0002716715 1 0.003181675 0.8048122 -1.17486 0.0006447159 0.0004606856 1 0.002781235 0.9818468 -1.052053 0.009142033 0.004976208 
188 1 -3.391703e-06 0.8523535 -2.145223 0.0001999578 0.3806551 1 0.01347689 0.8373938 -1.156578 0.0001510751 0.0002722966 1 0.003152309 0.7911394 -1.185343 0.0006576081 0.0004612491 1 0.0001127773 1.055496 -0.9995337 0.009519688 0.005504265 
189 1 -6.560535e-07 0.8586799 -1.386312 0.0001999596 0.0854707 1 0.001261164 0.8532961 -1.14231 0.0001505591 0.0002730587 1 0.0001818989 0.8368922 -1.152653 0.000622683 0.0004583941 1 0.00144064 0.9197552 -1.095819 0.009335997 0.004758125 
190 1 -3.910827e-05 0.8144013 -0.9395229 0.0001999609 0.03414202 1 0.00173797 0.8190634 -1.162792 0.0001523015 0.0002715666 1 -7.569361e-05 0.8339616 -1.153486 0.0006261226 0.0004586114 1 0.004540198 0.6620066 -1.26333 0.009627595 0.003733687 
191 1 0.000478849 0.8492066 -0.9527641 0.0001999594 0.03667103 1 0.003317467 0.858025 -1.142123 0.0001502728 0.0002736173 1 -0.0003217424 0.8846937 -1.125058 0.0005838013 0.0004547829 1 3.694443e-05 1.012849 -1.033952 0.009220336 0.005129774 
192 1 0.0004683898 0.841131 -1.097136 0.0001999594 0.04712518 1 0.0001188363 0.8398739 -1.163308 0.000151116 0.0002725521 1 0.0001810007 0.8359846 -1.165757 0.0006216738 0.0004584825 1 0.001617082 0.647267 -1.286103 0.00953687 0.003652849 
193 1 0.0002166871 0.8257525 -0.8370894 0.0001999606 0.028396 1 0.001968743 0.8357176 -1.164157 0.0001514945 0.0002724302 1 7.947078e-06 0.8668565 -1.144439 0.0005995408 0.0004564618 1 3.819878e-05 0.7607096 -1.214758 0.009389416 0.004065235 
194 1 0.0009147243 0.8299275 -1.237131 0.0001999602 0.0620775 1 0.0002200977 0.829218 -1.200332 0.0001518688 0.0002717651 1 0.001681649 0.8269763 -1.201736 0.0006331725 0.0004603392 1 0.001315129 0.8478543 -1.187736 0.009450032 0.004475395 
195 1 0.0002785328 0.8332272 -1.099232 0.0001999604 0.04718734 1 0.001640728 0.8329188 -1.190226 0.0001516476 0.0002719091 1 1.091394e-05 0.8319501 -1.190834 0.0006282714 0.0004593304 1 0.001191438 0.6570689 -1.302248 0.009410026 0.003628962 
196 1 2.164656e-06 0.8270705 -1.519392 0.0001999595 0.1077616 1 0.01471199 0.8186553 -1.178202 0.0001522345 0.0002713878 1 0.00883847 0.7917971 -1.194822 0.0006613984 0.0004622689 1 3.085996e-06 0.8159764 -1.178867 0.008858975 0.004085517 
197 1 5.798029e-05 0.8299646 -1.075893 0.0001999601 0.04542466 1 0.0005402399 0.8330903 -1.151966 0.0001514481 0.0002724924 1 0.0002146407 0.8428454 -1.145823 0.0006159605 0.0004580472 1 0.0004638423 0.8798 -1.120653 0.009190607 0.004523632 
198 1 6.116352e-05 0.831871 -0.956749 0.0001999603 0.03586852 1 0.006823744 0.8367354 -1.164901 0.0001512629 0.000272525 1 0.006297341 0.8518465 -1.155356 0.0006085561 0.0004572156 1 0.00151158 0.7310571 -1.234551 0.008898093 0.003754088 
199 1 2.273737e-05 0.8239003 -1.202399 0.0001999608 0.05782318 1 0.004694812 0.8240696 -1.161855 0.0001519129 0.0002719444 1 -7.275958e-06 0.8246037 -1.16152 0.0006315692 0.0004594787 1 0.003579771 0.9043826 -1.107115 0.009496214 0.004778176 
200 1 0.0003237801 0.8274673 -1.003959 0.0001999602 0.03919809 1 0.004230969 0.8328202 -1.179788 0.0001514464 0.0002724079 1 3.111424e-05 0.8495229 -1.169233 0.0006102625 0.0004579804 1 0.0002742291 0.8226046 -1.187325 0.009256983 0.00430038 
